openstack-tripleo-validations-0:16.1.0-0.20230320174432.fd60b7d.el9.noarch
tripleo-ansible-0:6.1.0-0.20230320143214.6e1681e.el9.noarch
validations-common-0:1.8.1-0.20230322151434.d00778f.el9.noarch
