openstack-murano-common-0:15.1.0-0.20230308010439.335829f.el9.noarch
python-novajoin-0:1.3.0-0.20210922175419.265146e.el9.src
python-oslo-service-0:3.1.1-0.20230223081018.b3ba591.el9.src
python3-barbican-0:16.1.0-0.20230320102359.9ba66a6.el9.noarch
python3-cinder-1:22.1.0-0.20230320205928.45fd889.el9.noarch
python3-designate-1:16.1.0-0.20230320230347.5703810.el9.noarch
python3-ec2-api-0:16.0.0-0.20230306130215.27c479a.el9.noarch
python3-glance-1:26.1.0-0.20230314203410.b023562.el9.noarch
python3-gnocchi-0:4.5.0-0.20230303183929.eaa83d6.el9.noarch
python3-manila-1:16.0.0-0.20230321080402.8fa97df.el9.noarch
python3-neutron-1:22.1.0-0.20230322105407.11ace38.el9.noarch
python3-nova-1:27.1.0-0.20230313183947.3886f07.el9.noarch
python3-novajoin-0:1.3.0-0.20210922175419.265146e.el9.noarch
python3-oslo-service-0:3.1.1-0.20230223081018.b3ba591.el9.noarch
python3-paste-deploy-0:2.1.1-2.el9s.noarch
python3-tacker-0:9.1.0-0.20230314125448.05fe9fa.el9.noarch
python3-trove-1:19.1.0-0.20230322164448.5046b8a.el9.noarch
