python-oslo-concurrency-0:5.1.1-0.20230223081554.0af5942.el9.src
python-taskflow-0:5.1.0-0.20230111153707.5bcac4c.el9.src
python3-oauth2client-0:4.1.3-13.el9s.noarch
python3-oslo-concurrency-0:5.1.1-0.20230223081554.0af5942.el9.noarch
python3-taskflow-0:5.1.0-0.20230111153707.5bcac4c.el9.noarch
python3-tempest-1:34.0.0-0.20230315175937.bb45ed4.el9.noarch
python3-tooz-0:3.2.0-0.20221021131942.1a76dd6.el9.noarch
