black-0:20.8~b1-2.el9s.noarch
python-os-faults-0:0.2.7-0.20210921181352.113ba24.el9.src
python3-dotenv+cli-0:0.17.1-2.el9s.noarch
python3-flask-1:2.0.1-1.1.el9s.noarch
python3-flask-1:2.2.2-1.el9s.noarch
python3-hypothesis+cli-0:6.14.3-1.el9s.noarch
python3-os-faults-0:0.2.7-0.20210921181352.113ba24.el9.noarch
python3-uvicorn-0:0.13.4-1.el9s.noarch
