python-oslo-cache-0:3.3.1-0.20230227082431.318e95e.el9.src
python3-oslo-cache-0:3.3.1-0.20230227082431.318e95e.el9.noarch
