openstack-glance-1:26.1.0-0.20230314203410.b023562.el9.src
openstack-heat-1:20.1.0-0.20230317062348.d07d22e.el9.src
openstack-heat-common-1:20.1.0-0.20230317062348.d07d22e.el9.noarch
openstack-manila-1:16.0.0-0.20230321080402.8fa97df.el9.src
openstack-murano-0:15.1.0-0.20230308010439.335829f.el9.src
openstack-murano-common-0:15.1.0-0.20230308010439.335829f.el9.noarch
openstack-placement-0:9.1.0-0.20230307151844.1a6cc9a.el9.src
openstack-sahara-1:18.0.0-0.20230321143409.82885e6.el9.src
openstack-senlin-0:15.1.0-0.20230313224246.c442021.el9.src
openstack-tacker-0:9.1.0-0.20230314125448.05fe9fa.el9.src
python-novajoin-0:1.3.0-0.20210922175419.265146e.el9.src
python-os-ken-0:2.6.0-0.20230111151459.e288532.el9.src
python-oslo-service-0:3.1.1-0.20230223081018.b3ba591.el9.src
python3-cinder-1:22.1.0-0.20230320205928.45fd889.el9.noarch
python3-ec2-api-0:16.0.0-0.20230306130215.27c479a.el9.noarch
python3-glance-1:26.1.0-0.20230314203410.b023562.el9.noarch
python3-manila-1:16.0.0-0.20230321080402.8fa97df.el9.noarch
python3-neutron-1:22.1.0-0.20230322105407.11ace38.el9.noarch
python3-nova-1:27.1.0-0.20230313183947.3886f07.el9.noarch
python3-novajoin-0:1.3.0-0.20210922175419.265146e.el9.noarch
python3-os-ken-0:2.6.0-0.20230111151459.e288532.el9.noarch
python3-oslo-service-0:3.1.1-0.20230223081018.b3ba591.el9.noarch
python3-oslo-service-tests-0:3.1.1-0.20230223081018.b3ba591.el9.noarch
python3-placement-0:9.1.0-0.20230307151844.1a6cc9a.el9.noarch
python3-senlin-0:15.1.0-0.20230313224246.c442021.el9.noarch
python3-tacker-0:9.1.0-0.20230314125448.05fe9fa.el9.noarch
python3-trove-1:19.1.0-0.20230322164448.5046b8a.el9.noarch
