python-oslo-middleware-0:5.1.1-0.20230223083055.7725ac9.el9.src
python3-oslo-middleware-0:5.1.1-0.20230223083055.7725ac9.el9.noarch
