openstack-cinder-1:22.1.0-0.20230320205928.45fd889.el9.src
openstack-heat-1:20.1.0-0.20230317062348.d07d22e.el9.src
openstack-heat-common-1:20.1.0-0.20230317062348.d07d22e.el9.noarch
openstack-manila-1:16.0.0-0.20230321080402.8fa97df.el9.src
openstack-nova-1:27.1.0-0.20230313183947.3886f07.el9.src
openstack-rally-0:3.3.1-0.20230306122236.7e5a996.el9.src
openstack-sahara-1:18.0.0-0.20230321143409.82885e6.el9.src
openstack-tacker-0:9.1.0-0.20230314125448.05fe9fa.el9.src
openstack-tempest-1:34.0.0-0.20230315175937.bb45ed4.el9.src
python-os-ken-0:2.6.0-0.20230111151459.e288532.el9.src
python-os-xenapi-0:0.3.4-0.20220907153834.12c68d0.el9.src
python-paramiko-doc-0:2.11.0-1.el9s.noarch
python-paramiko-doc-0:2.7.2-4.el9s.noarch
python3-cinder-common-1:22.1.0-0.20230320205928.45fd889.el9.noarch
python3-docker+ssh-0:5.0.0-1.el9s.noarch
python3-docker+ssh-0:5.0.3-2.el9s.noarch
python3-ec2api-tests-tempest-0:1.6.1-0.20230221122418.3b82f3e.el9.noarch
python3-heat-tests-1:20.1.0-0.20230317062348.d07d22e.el9.noarch
python3-heat-tests-tempest-0:1.7.1-0.20230112105345.a3719a8.el9.noarch
python3-manila-1:16.0.0-0.20230321080402.8fa97df.el9.noarch
python3-mistral-0:16.0.0-0.20230320141947.1f9f1f3.el9.noarch
python3-mistral-tests-tempest-0:2.0.1-0.20230118090845.2f92367.el9.noarch
python3-ncclient-0:0.6.13-3.el9s.noarch
python3-netmiko-0:3.3.3-2.el9s.noarch
python3-netmiko-0:4.1.1-2.el9s.noarch
python3-networking-omnipath-0:0.0.1-0.20210922174533.f0adc6a.el9.noarch
python3-networking-vmware-nsx-0:15.0.1-0.20211203081309.0253265.el9.noarch
python3-neutron-tests-tempest-0:2.2.1-0.20230314072930.3f1716f.el9.noarch
python3-nova-1:27.1.0-0.20230313183947.3886f07.el9.noarch
python3-os-ken-0:2.6.0-0.20230111151459.e288532.el9.noarch
python3-os-xenapi-0:0.3.4-0.20220907153834.12c68d0.el9.noarch
python3-rally-0:3.3.1-0.20230306122236.7e5a996.el9.noarch
python3-sahara-1:18.0.0-0.20230321143409.82885e6.el9.noarch
python3-sahara-tempest-0:0.13.0-0.20210921182054.98063d3.el9.noarch
python3-scp-0:0.13.3-3.el9s.noarch
python3-scp-0:0.14.1-1.el9s.noarch
python3-scp-0:0.14.2-2.el9s.noarch
python3-scp-0:0.14.4-1.el9s.noarch
python3-tacker-0:9.1.0-0.20230314125448.05fe9fa.el9.noarch
python3-tempest-1:34.0.0-0.20230315175937.bb45ed4.el9.noarch
python3-tobiko-0:0.6.8-0.20230322171431.daff0d1.el9.noarch
