openstack-cloudkitty-common-0:18.0.0-0.20230321130912.9c53bc1.el9.noarch
openstack-dashboard-1:23.2.0-0.20230322190925.c88583e.el9.noarch
openstack-ironic-python-agent-0:9.5.0-0.20230315181420.b32f6c6.el9.src
openstack-magnum-0:16.1.0-0.20230318003141.b7092d3.el9.src
openstack-manila-1:16.0.0-0.20230321080402.8fa97df.el9.src
openstack-manila-ui-0:9.1.0-0.20230306145010.7e43c3f.el9.noarch
openstack-mistral-ui-0:16.0.0-0.20230207191115.27fe800.el9.noarch
openstack-murano-ui-0:15.1.0-0.20230308011802.2c1c88a.el9.noarch
openstack-vitrage-ui-0:3.0.0-0.20210921185916.c829088.el9.noarch
openstack-zaqar-1:16.0.0-0.20230315125358.54aed6b.el9.noarch
python-django-horizon-1:23.2.0-0.20230322190925.c88583e.el9.src
python-heatclient-0:3.2.0-0.20230227081938.712739e.el9.src
python-keystoneauth1-0:5.1.2-0.20230221195515.6ee21bd.el9.src
python-openstacksdk-0:1.0.1-0.20230307085939.3876f3f.el9.src
python-oslo-utils-0:6.1.0-0.20221118120337.d49d594.el9.src
python-oslo-versionedobjects-0:3.1.0-0.20230221183021.b4ea834.el9.src
python-vitrageclient-0:4.7.0-0.20230221222111.b6db531.el9.src
python3-cinder-common-1:22.1.0-0.20230320205928.45fd889.el9.noarch
python3-glance-1:26.1.0-0.20230314203410.b023562.el9.noarch
python3-gnocchi-0:4.5.0-0.20230303183929.eaa83d6.el9.noarch
python3-gnocchiclient-0:7.0.7-0.20221129105344.cad2c27.el9.noarch
python3-heatclient-0:3.2.0-0.20230227081938.712739e.el9.noarch
python3-keystoneauth1-0:5.1.2-0.20230221195515.6ee21bd.el9.noarch
python3-magnum-0:16.1.0-0.20230318003141.b7092d3.el9.noarch
python3-monascaclient-0:2.6.0-0.20220905191936.bb7d4b6.el9.noarch
python3-muranoclient-0:2.6.0-0.20230227082954.862c7be.el9.noarch
python3-neutronclient-0:9.0.0-0.20230221215441.16a2cd1.el9.noarch
python3-nova-1:27.1.0-0.20230313183947.3886f07.el9.noarch
python3-novaclient-1:18.3.0-0.20230313070846.85e4f08.el9.noarch
python3-openstackclient-0:6.2.0-0.20230310081332.05d34ff.el9.noarch
python3-openstacksdk-0:1.0.1-0.20230307085939.3876f3f.el9.noarch
python3-os-faults-0:0.2.7-0.20210921181352.113ba24.el9.noarch
python3-oslo-utils-0:6.1.0-0.20221118120337.d49d594.el9.noarch
python3-oslo-versionedobjects-0:3.1.0-0.20230221183021.b4ea834.el9.noarch
python3-sahara-1:18.0.0-0.20230321143409.82885e6.el9.noarch
python3-tackerclient-0:1.13.0-0.20230221223329.e5bd58f.el9.noarch
python3-trove-1:19.1.0-0.20230322164448.5046b8a.el9.noarch
python3-vitrageclient-0:4.7.0-0.20230221222111.b6db531.el9.noarch
