python-ironic-prometheus-exporter-0:4.2.0-0.20230301204815.e63fb2e.el9.src
python-oslo-metrics-0:0.6.0-0.20230221200453.95013ef.el9.src
python3-ironic-prometheus-exporter-0:4.2.0-0.20230301204815.e63fb2e.el9.noarch
python3-kuryr-kubernetes-0:8.1.0-0.20230321153956.6b4992e.el9.noarch
python3-oslo-metrics-0:0.6.0-0.20230221200453.95013ef.el9.noarch
python3-prometheus_client+twisted-0:0.9.0-2.el9s.noarch
