python-glanceclient-1:4.3.0-0.20230221220929.52fb6b2.el9.src
python3-glanceclient-1:4.3.0-0.20230221220929.52fb6b2.el9.noarch
