openstack-murano-0:15.1.0-0.20230308010439.335829f.el9.src
openstack-packstack-1:21.0.1-0.20230322163955.15bbe1f.el9.noarch
openstack-packstack-1:21.0.1-0.20230322163955.15bbe1f.el9.src
python-glanceclient-1:4.3.0-0.20230221220929.52fb6b2.el9.src
python-octavia-tests-tempest-0:2.2.1-0.20230303135201.5b73479.el9.src
python3-barbican-0:16.1.0-0.20230320102359.9ba66a6.el9.noarch
python3-edgegrid-0:1.1.1-10.el9s.noarch
python3-edgegrid-0:1.2.0-1.el9s.noarch
python3-edgegrid-0:1.2.1-4.el9s.noarch
python3-glance-1:26.1.0-0.20230314203410.b023562.el9.noarch
python3-glanceclient-1:4.3.0-0.20230221220929.52fb6b2.el9.noarch
python3-muranoclient-0:2.6.0-0.20230227082954.862c7be.el9.noarch
python3-ndg_httpsclient-0:0.5.1-9.el9s.noarch
python3-neutron-1:22.1.0-0.20230322105407.11ace38.el9.noarch
python3-oauth2client-0:4.1.3-13.el9s.noarch
python3-octavia-0:12.1.0-0.20230321175402.ba92aeb.el9.noarch
python3-octavia-tests-tempest-0:2.2.1-0.20230303135201.5b73479.el9.noarch
python3-paste-0:3.5.0-3.el9s.noarch
python3-paste-0:3.5.2-1.el9s.noarch
python3-proliantutils-0:2.14.0-0.20221123180859.de9759c.el9.noarch
python3-pysaml2-0:6.1.0-2.el9s.noarch
python3-rally-0:3.3.1-0.20230306122236.7e5a996.el9.noarch
python3-service-identity-0:18.1.0-9.el9s.noarch
python3-twisted+tls-0:21.2.0-2.el9s.noarch
python3-twisted+tls-0:22.4.0-1.el9s.noarch
python3-vmware-nsxlib-0:15.0.8-0.20230320123954.acb8f2d.el9.noarch
