python-keystoneclient-1:5.1.0-0.20230227080840.4763cd8.el9.src
python3-keystoneclient-1:5.1.0-0.20230227080840.4763cd8.el9.noarch
