python-debtcollector-0:2.5.0-0.20221124115906.a6b46c5.el9.src
python3-debtcollector-0:2.5.0-0.20221124115906.a6b46c5.el9.noarch
python3-deprecated-0:1.2.13-3.el9s.noarch
python3-glanceclient-1:4.3.0-0.20230221220929.52fb6b2.el9.noarch
