directord-0:0.12.0-0.20220915122401.d7aabef.el9.noarch
directord-0:0.12.0-0.20220915122401.d7aabef.el9.src
gnocchi-0:4.5.0-0.20230303183929.eaa83d6.el9.src
openstack-cinder-1:22.1.0-0.20230320205928.45fd889.el9.src
openstack-heat-1:20.1.0-0.20230317062348.d07d22e.el9.src
openstack-heat-common-1:20.1.0-0.20230317062348.d07d22e.el9.noarch
openstack-ironic-1:21.5.0-0.20230322211858.b201e52.el9.src
openstack-ironic-common-1:21.5.0-0.20230322211858.b201e52.el9.noarch
openstack-ironic-inspector-0:11.5.0-0.20230309172338.10ffd3a.el9.noarch
openstack-ironic-python-agent-0:9.5.0-0.20230315181420.b32f6c6.el9.src
openstack-murano-common-0:15.1.0-0.20230308010439.335829f.el9.noarch
openstack-neutron-1:22.1.0-0.20230322105407.11ace38.el9.src
openstack-senlin-0:15.1.0-0.20230313224246.c442021.el9.src
openstack-tripleo-common-0:18.1.0-0.20230310033838.9fca209.el9.src
openstack-vitrage-0:10.1.0-0.20230320142406.ad67ad3.el9.src
ovn-bgp-agent-0:0.3.1-0.20230321135221.ddb740e.el9.noarch
ovn-bgp-agent-0:0.3.1-0.20230321135221.ddb740e.el9.src
python-ironic-lib-0:5.4.0-0.20230221204854.71a7655.el9.src
python-networking-generic-switch-0:7.2.0-0.20230314200656.d7440ad.el9.src
python-networking-vmware-nsx-0:15.0.1-0.20211203081309.0253265.el9.src
python-octavia-lib-0:3.2.0-0.20230221194921.0444bfd.el9.src
python-octavia-tests-tempest-0:2.2.1-0.20230303135201.5b73479.el9.src
python-os-brick-0:6.2.0-0.20230221212458.65f922b.el9.src
python-ovn-octavia-provider-0:4.1.0-0.20230315112429.1878eb4.el9.src
python-sushy-tools-0:0.21.2-0.20230221170038.4357bf2.el9.src
python-taskflow-0:5.1.0-0.20230111153707.5bcac4c.el9.src
python-tcib-0:0.0.1-0.20230322175416.daeaf9f.el9.src
python-tempestconf-0:3.3.1-0.20230314155415.fc128db.el9.src
python-vmware-nsxlib-0:15.0.8-0.20230320123954.acb8f2d.el9.src
python3-aodh-0:16.1.0-0.20230310120938.bb36bb6.el9.noarch
python3-ceilometer-1:20.1.0-0.20230322073946.ea7e026.el9.noarch
python3-cinder-common-1:22.1.0-0.20230320205928.45fd889.el9.noarch
python3-designate-1:16.1.0-0.20230320230347.5703810.el9.noarch
python3-gnocchi-0:4.5.0-0.20230303183929.eaa83d6.el9.noarch
python3-ironic-lib-0:5.4.0-0.20230221204854.71a7655.el9.noarch
python3-ironic-neutron-agent-0:6.2.0-0.20230317003053.d2f220a.el9.noarch
python3-ironic-python-agent-0:9.5.0-0.20230315181420.b32f6c6.el9.noarch
python3-manila-1:16.0.0-0.20230321080402.8fa97df.el9.noarch
python3-mistral-0:16.0.0-0.20230320141947.1f9f1f3.el9.noarch
python3-netmiko-0:3.3.3-2.el9s.noarch
python3-netmiko-0:4.1.1-2.el9s.noarch
python3-networking-generic-switch-0:7.2.0-0.20230314200656.d7440ad.el9.noarch
python3-networking-vmware-nsx-0:15.0.1-0.20211203081309.0253265.el9.noarch
python3-neutron-1:22.1.0-0.20230322105407.11ace38.el9.noarch
python3-neutron-tests-tempest-0:2.2.1-0.20230314072930.3f1716f.el9.noarch
python3-octavia-0:12.1.0-0.20230321175402.ba92aeb.el9.noarch
python3-octavia-lib-0:3.2.0-0.20230221194921.0444bfd.el9.noarch
python3-octavia-tests-tempest-0:2.2.1-0.20230303135201.5b73479.el9.noarch
python3-os-brick-0:6.2.0-0.20230221212458.65f922b.el9.noarch
python3-ovn-octavia-provider-0:4.1.0-0.20230315112429.1878eb4.el9.noarch
python3-senlin-0:15.1.0-0.20230313224246.c442021.el9.noarch
python3-sushy-tools-0:0.21.2-0.20230221170038.4357bf2.el9.noarch
python3-taskflow-0:5.1.0-0.20230111153707.5bcac4c.el9.noarch
python3-tcib-0:0.0.1-0.20230322175416.daeaf9f.el9.noarch
python3-tempestconf-0:3.3.1-0.20230314155415.fc128db.el9.noarch
python3-tooz-0:3.2.0-0.20221021131942.1a76dd6.el9.noarch
python3-tripleo-common-0:18.1.0-0.20230310033838.9fca209.el9.noarch
python3-trove-tests-tempest-1:2.0.1-0.20230129073340.00b4ef0.el9.noarch
python3-vitrage-0:10.1.0-0.20230320142406.ad67ad3.el9.noarch
python3-vmware-nsxlib-0:15.0.8-0.20230320123954.acb8f2d.el9.noarch
