openstack-barbican-0:16.1.0-0.20230320102359.9ba66a6.el9.src
openstack-cloudkitty-common-0:18.0.0-0.20230321130912.9c53bc1.el9.noarch
openstack-glance-1:26.1.0-0.20230314203410.b023562.el9.src
openstack-ironic-1:21.5.0-0.20230322211858.b201e52.el9.src
openstack-ironic-common-1:21.5.0-0.20230322211858.b201e52.el9.noarch
openstack-ironic-inspector-0:11.5.0-0.20230309172338.10ffd3a.el9.noarch
openstack-ironic-inspector-0:11.5.0-0.20230309172338.10ffd3a.el9.src
openstack-magnum-0:16.1.0-0.20230318003141.b7092d3.el9.src
openstack-murano-common-0:15.1.0-0.20230308010439.335829f.el9.noarch
openstack-sahara-1:18.0.0-0.20230321143409.82885e6.el9.src
openstack-zaqar-1:16.0.0-0.20230315125358.54aed6b.el9.noarch
python-oslo-db-0:12.3.1-0.20230123090846.b689b63.el9.src
python-taskflow-0:5.1.0-0.20230111153707.5bcac4c.el9.src
python3-aodh-0:16.1.0-0.20230310120938.bb36bb6.el9.noarch
python3-barbican-0:16.1.0-0.20230320102359.9ba66a6.el9.noarch
python3-designate-1:16.1.0-0.20230320230347.5703810.el9.noarch
python3-glance-1:26.1.0-0.20230314203410.b023562.el9.noarch
python3-gnocchi-0:4.5.0-0.20230303183929.eaa83d6.el9.noarch
python3-magnum-0:16.1.0-0.20230318003141.b7092d3.el9.noarch
python3-manila-1:16.0.0-0.20230321080402.8fa97df.el9.noarch
python3-mistral-0:16.0.0-0.20230320141947.1f9f1f3.el9.noarch
python3-networking-arista-0:2017.2.1-0.20230112221842.95bde30.el9.noarch
python3-networking-bigswitch-2:12.0.3-0.20210922172548.96cf540.el9.noarch
python3-networking-omnipath-0:0.0.1-0.20210922174533.f0adc6a.el9.noarch
python3-networking-sfc-0:16.1.0-0.20230313171813.f8e7ff9.el9.noarch
python3-neutron-1:22.1.0-0.20230322105407.11ace38.el9.noarch
python3-neutron-dynamic-routing-0:22.1.0-0.20230309163844.4810b8e.el9.noarch
python3-neutron-vpnaas-1:22.1.0-0.20230313162849.97e5d03.el9.noarch
python3-nova-1:27.1.0-0.20230313183947.3886f07.el9.noarch
python3-octavia-0:12.1.0-0.20230321175402.ba92aeb.el9.noarch
python3-oslo-db-0:12.3.1-0.20230123090846.b689b63.el9.noarch
python3-oslo-db-tests-0:12.3.1-0.20230123090846.b689b63.el9.noarch
python3-rally-0:3.3.1-0.20230306122236.7e5a996.el9.noarch
python3-sahara-1:18.0.0-0.20230321143409.82885e6.el9.noarch
python3-tacker-0:9.1.0-0.20230314125448.05fe9fa.el9.noarch
python3-vitrage-0:10.1.0-0.20230320142406.ad67ad3.el9.noarch
