openstack-tempest-1:34.0.0-0.20230315175937.bb45ed4.el9.src
python-django-horizon-1:23.2.0-0.20230322190925.c88583e.el9.src
python3-flake8-0:3.8.4-1.el9s.noarch
python3-flake8-0:5.0.3-1.el9s.noarch
