directord-0:0.12.0-0.20220915122401.d7aabef.el9.noarch
directord-0:0.12.0-0.20220915122401.d7aabef.el9.src
mock-0:2.8-1.el9s.noarch
openstack-ironic-1:21.5.0-0.20230322211858.b201e52.el9.src
openstack-ironic-common-1:21.5.0-0.20230322211858.b201e52.el9.noarch
openstack-kolla-0:15.1.0-0.20230322142923.d7d43be.el9.noarch
openstack-tripleo-common-0:18.1.0-0.20230310033838.9fca209.el9.src
openstack-tripleo-heat-templates-0:18.1.0-0.20230323091906.45de542.el9.noarch
ovn-bgp-agent-0:0.3.1-0.20230321135221.ddb740e.el9.noarch
ovn-bgp-agent-0:0.3.1-0.20230321135221.ddb740e.el9.src
python-oslo-middleware-0:5.1.1-0.20230223083055.7725ac9.el9.src
python3-designate-1:16.1.0-0.20230320230347.5703810.el9.noarch
python3-flask-1:2.0.1-1.1.el9s.noarch
python3-flask-1:2.2.2-1.el9s.noarch
python3-gnocchi-0:4.5.0-0.20230303183929.eaa83d6.el9.noarch
python3-mistral-0:16.0.0-0.20230320141947.1f9f1f3.el9.noarch
python3-neutron-1:22.1.0-0.20230322105407.11ace38.el9.noarch
python3-neutron-vpnaas-1:22.1.0-0.20230313162849.97e5d03.el9.noarch
python3-nova-1:27.1.0-0.20230313183947.3886f07.el9.noarch
python3-octavia-0:12.1.0-0.20230321175402.ba92aeb.el9.noarch
python3-openshift-1:0.11.2-3.el9s.noarch
python3-oslo-middleware-0:5.1.1-0.20230223083055.7725ac9.el9.noarch
python3-oslo-reports-0:3.0.0-0.20230221175007.a17d762.el9.noarch
python3-rally-0:3.3.1-0.20230306122236.7e5a996.el9.noarch
python3-sahara-1:18.0.0-0.20230321143409.82885e6.el9.noarch
python3-tobiko-0:0.6.8-0.20230322171431.daff0d1.el9.noarch
python3-tripleo-common-0:18.1.0-0.20230310033838.9fca209.el9.noarch
python3-trove-1:19.1.0-0.20230322164448.5046b8a.el9.noarch
tripleo-ansible-0:6.1.0-0.20230320143214.6e1681e.el9.noarch
tripleo-ansible-0:6.1.0-0.20230320143214.6e1681e.el9.src
