python-neutron-lib-0:3.4.0-0.20230221210042.23fa6b3.el9.src
python3-cotyledon-0:1.7.3-8.el9s.noarch
python3-neutron-lib-0:3.4.0-0.20230221210042.23fa6b3.el9.noarch
python3-octavia-0:12.1.0-0.20230321175402.ba92aeb.el9.noarch
