openstack-cloudkitty-0:18.0.0-0.20230321130912.9c53bc1.el9.src
openstack-cloudkitty-common-0:18.0.0-0.20230321130912.9c53bc1.el9.noarch
openstack-glance-1:26.1.0-0.20230314203410.b023562.el9.src
openstack-heat-1:20.1.0-0.20230317062348.d07d22e.el9.src
openstack-heat-common-1:20.1.0-0.20230317062348.d07d22e.el9.noarch
openstack-murano-common-0:15.1.0-0.20230308010439.335829f.el9.noarch
openstack-senlin-0:15.1.0-0.20230313224246.c442021.el9.src
openstack-swift-0:2.32.0-0.20230317171432.9a1bfb8.el9.src
python-oslo-service-0:3.1.1-0.20230223081018.b3ba591.el9.src
python3-aodh-0:16.1.0-0.20230310120938.bb36bb6.el9.noarch
python3-barbican-0:16.1.0-0.20230320102359.9ba66a6.el9.noarch
python3-cinder-1:22.1.0-0.20230320205928.45fd889.el9.noarch
python3-designate-1:16.1.0-0.20230320230347.5703810.el9.noarch
python3-ec2-api-0:16.0.0-0.20230306130215.27c479a.el9.noarch
python3-glance-1:26.1.0-0.20230314203410.b023562.el9.noarch
python3-gnocchi-0:4.5.0-0.20230303183929.eaa83d6.el9.noarch
python3-manila-1:16.0.0-0.20230321080402.8fa97df.el9.noarch
python3-neutron-1:22.1.0-0.20230322105407.11ace38.el9.noarch
python3-nova-1:27.1.0-0.20230313183947.3886f07.el9.noarch
python3-oslo-service-0:3.1.1-0.20230223081018.b3ba591.el9.noarch
python3-senlin-0:15.1.0-0.20230313224246.c442021.el9.noarch
python3-swift-0:2.32.0-0.20230317171432.9a1bfb8.el9.noarch
python3-tacker-0:9.1.0-0.20230314125448.05fe9fa.el9.noarch
python3-trove-1:19.1.0-0.20230322164448.5046b8a.el9.noarch
python3-vitrage-0:10.1.0-0.20230320142406.ad67ad3.el9.noarch
python3-watcher-0:10.1.0-0.20230308070834.cd1c0f3.el9.noarch
