python-oslo-cache-0:3.3.1-0.20230227082431.318e95e.el9.src
python3-cinder-1:22.1.0-0.20230320205928.45fd889.el9.noarch
python3-oslo-cache-0:3.3.1-0.20230227082431.318e95e.el9.noarch
