gnocchi-0:4.5.0-0.20230303183929.eaa83d6.el9.src
openstack-aodh-0:16.1.0-0.20230310120938.bb36bb6.el9.src
openstack-barbican-0:16.1.0-0.20230320102359.9ba66a6.el9.src
openstack-cloudkitty-0:18.0.0-0.20230321130912.9c53bc1.el9.src
openstack-cloudkitty-common-0:18.0.0-0.20230321130912.9c53bc1.el9.noarch
openstack-ironic-1:21.5.0-0.20230322211858.b201e52.el9.src
openstack-ironic-common-1:21.5.0-0.20230322211858.b201e52.el9.noarch
openstack-ironic-python-agent-0:9.5.0-0.20230315181420.b32f6c6.el9.src
openstack-magnum-0:16.1.0-0.20230318003141.b7092d3.el9.src
openstack-mistral-0:16.0.0-0.20230320141947.1f9f1f3.el9.src
openstack-neutron-1:22.1.0-0.20230322105407.11ace38.el9.src
openstack-octavia-0:12.1.0-0.20230321175402.ba92aeb.el9.src
openstack-watcher-0:10.1.0-0.20230308070834.cd1c0f3.el9.src
python-networking-bagpipe-0:18.1.0-0.20230306124943.3ce7bf7.el9.src
python-neutron-lib-0:3.4.0-0.20230221210042.23fa6b3.el9.src
python3-aodh-0:16.1.0-0.20230310120938.bb36bb6.el9.noarch
python3-barbican-0:16.1.0-0.20230320102359.9ba66a6.el9.noarch
python3-designate-1:16.1.0-0.20230320230347.5703810.el9.noarch
python3-gnocchi-0:4.5.0-0.20230303183929.eaa83d6.el9.noarch
python3-magnum-0:16.1.0-0.20230318003141.b7092d3.el9.noarch
python3-mistral-0:16.0.0-0.20230320141947.1f9f1f3.el9.noarch
python3-networking-bagpipe-0:18.1.0-0.20230306124943.3ce7bf7.el9.noarch
python3-neutron-1:22.1.0-0.20230322105407.11ace38.el9.noarch
python3-neutron-lib-0:3.4.0-0.20230221210042.23fa6b3.el9.noarch
python3-octavia-0:12.1.0-0.20230321175402.ba92aeb.el9.noarch
python3-vitrage-0:10.1.0-0.20230320142406.ad67ad3.el9.noarch
python3-watcher-0:10.1.0-0.20230308070834.cd1c0f3.el9.noarch
