python-vitrageclient-0:4.7.0-0.20230221222111.b6db531.el9.src
python3-taskflow-0:5.1.0-0.20230111153707.5bcac4c.el9.noarch
python3-vitrageclient-0:4.7.0-0.20230221222111.b6db531.el9.noarch
