python-networking-baremetal-0:6.2.0-0.20230317003053.d2f220a.el9.src
python-os-ken-0:2.6.0-0.20230111151459.e288532.el9.src
python3-networking-baremetal-0:6.2.0-0.20230317003053.d2f220a.el9.noarch
python3-os-ken-0:2.6.0-0.20230111151459.e288532.el9.noarch
