python-cliff-0:4.2.0-0.20230221191631.fb9a3a9.el9.src
python3-cliff-0:4.2.0-0.20230221191631.fb9a3a9.el9.noarch
