python-oslo-messaging-0:14.2.0-0.20230206090903.687dea2.el9.src
python3-oslo-messaging-0:14.2.0-0.20230206090903.687dea2.el9.noarch
