openstack-glance-1:26.1.0-0.20230314203410.b023562.el9.src
openstack-heat-1:20.1.0-0.20230317062348.d07d22e.el9.src
openstack-heat-common-1:20.1.0-0.20230317062348.d07d22e.el9.noarch
openstack-ironic-1:21.5.0-0.20230322211858.b201e52.el9.src
openstack-ironic-common-1:21.5.0-0.20230322211858.b201e52.el9.noarch
openstack-magnum-0:16.1.0-0.20230318003141.b7092d3.el9.src
openstack-manila-1:16.0.0-0.20230321080402.8fa97df.el9.src
openstack-murano-common-0:15.1.0-0.20230308010439.335829f.el9.noarch
openstack-neutron-dynamic-routing-0:22.1.0-0.20230309163844.4810b8e.el9.src
openstack-placement-0:9.1.0-0.20230307151844.1a6cc9a.el9.src
openstack-senlin-0:15.1.0-0.20230313224246.c442021.el9.src
openstack-tacker-0:9.1.0-0.20230314125448.05fe9fa.el9.src
openstack-zaqar-1:16.0.0-0.20230315125358.54aed6b.el9.noarch
python-ironic-lib-0:5.4.0-0.20230221204854.71a7655.el9.src
python-microversion-parse-0:1.0.1-0.20210921135210.2c36df6.el9.src
python-networking-bgpvpn-0:18.1.0-0.20230313194106.828b2a2.el9.src
python-networking-bigswitch-2:12.0.3-0.20210922172548.96cf540.el9.src
python-novajoin-0:1.3.0-0.20210922175419.265146e.el9.src
python-os-ken-0:2.6.0-0.20230111151459.e288532.el9.src
python-oslo-middleware-0:5.1.1-0.20230223083055.7725ac9.el9.src
python-oslo-service-0:3.1.1-0.20230223081018.b3ba591.el9.src
python-wsme-0:0.11.0-0.20230308103838.80bda90.el9.src
python3-aodh-0:16.1.0-0.20230310120938.bb36bb6.el9.noarch
python3-barbican-0:16.1.0-0.20230320102359.9ba66a6.el9.noarch
python3-cinder-1:22.1.0-0.20230320205928.45fd889.el9.noarch
python3-designate-1:16.1.0-0.20230320230347.5703810.el9.noarch
python3-ec2-api-0:16.0.0-0.20230306130215.27c479a.el9.noarch
python3-glance-1:26.1.0-0.20230314203410.b023562.el9.noarch
python3-gnocchi-0:4.5.0-0.20230303183929.eaa83d6.el9.noarch
python3-ironic-lib-0:5.4.0-0.20230221204854.71a7655.el9.noarch
python3-keystone-1:23.0.0-0.20230320124311.f5db980.el9.noarch
python3-keystonemiddleware-0:10.2.0-0.20230109083845.e05466c.el9.noarch
python3-magnum-0:16.1.0-0.20230318003141.b7092d3.el9.noarch
python3-manila-1:16.0.0-0.20230321080402.8fa97df.el9.noarch
python3-microversion-parse-0:1.0.1-0.20210921135210.2c36df6.el9.noarch
python3-networking-bgpvpn-tests-0:18.1.0-0.20230313194106.828b2a2.el9.noarch
python3-networking-bigswitch-2:12.0.3-0.20210922172548.96cf540.el9.noarch
python3-neutron-1:22.1.0-0.20230322105407.11ace38.el9.noarch
python3-neutron-dynamic-routing-tests-0:22.1.0-0.20230309163844.4810b8e.el9.noarch
python3-neutron-lib-0:3.4.0-0.20230221210042.23fa6b3.el9.noarch
python3-nova-1:27.1.0-0.20230313183947.3886f07.el9.noarch
python3-novajoin-0:1.3.0-0.20210922175419.265146e.el9.noarch
python3-octavia-0:12.1.0-0.20230321175402.ba92aeb.el9.noarch
python3-octaviaclient-tests-0:3.4.0-0.20230227083450.6e306cc.el9.noarch
python3-os-ken-0:2.6.0-0.20230111151459.e288532.el9.noarch
python3-oslo-messaging-0:14.2.0-0.20230206090903.687dea2.el9.noarch
python3-oslo-middleware-0:5.1.1-0.20230223083055.7725ac9.el9.noarch
python3-oslo-service-0:3.1.1-0.20230223081018.b3ba591.el9.noarch
python3-oslo-versionedobjects-0:3.1.0-0.20230221183021.b4ea834.el9.noarch
python3-osprofiler-0:3.4.3-0.20220906131400.3286301.el9.noarch
python3-pecan-0:1.4.0-2.el9s.noarch
python3-pecan-0:1.4.2-2.el9s.noarch
python3-placement-0:9.1.0-0.20230307151844.1a6cc9a.el9.noarch
python3-sahara-1:18.0.0-0.20230321143409.82885e6.el9.noarch
python3-senlin-0:15.1.0-0.20230313224246.c442021.el9.noarch
python3-tacker-0:9.1.0-0.20230314125448.05fe9fa.el9.noarch
python3-trove-1:19.1.0-0.20230322164448.5046b8a.el9.noarch
python3-vitrage-0:10.1.0-0.20230320142406.ad67ad3.el9.noarch
python3-watcher-0:10.1.0-0.20230308070834.cd1c0f3.el9.noarch
python3-webtest-0:2.0.35-6.el9s.noarch
python3-webtest-0:3.0.0-1.el9s.noarch
python3-wsme-0:0.11.0-0.20230308103838.80bda90.el9.noarch
