openstack-neutron-openvswitch-1:22.1.0-0.20230322105407.11ace38.el9.noarch
ovn-bgp-agent-0:0.3.1-0.20230321135221.ddb740e.el9.noarch
ovn-bgp-agent-0:0.3.1-0.20230321135221.ddb740e.el9.src
python-networking-bgpvpn-0:18.1.0-0.20230313194106.828b2a2.el9.src
python-os-ken-0:2.6.0-0.20230111151459.e288532.el9.src
python-ovsdbapp-0:2.2.1-0.20230221203946.7733f0c.el9.src
python3-os-ken-0:2.6.0-0.20230111151459.e288532.el9.noarch
python3-ovn-octavia-provider-0:4.1.0-0.20230315112429.1878eb4.el9.noarch
python3-ovsdbapp-0:2.2.1-0.20230221203946.7733f0c.el9.noarch
rdo-openvswitch-test-1:2.15-1.el9s.noarch
rdo-openvswitch-test-1:2.15-2.el9s.noarch
rdo-openvswitch-test-2:2.17-2.el9s.noarch
rdo-openvswitch-test-2:2.17-4.el9s.noarch
rdo-openvswitch-test-2:3.1-1.el9s.noarch
