python-amqp-doc-0:5.0.6-1.el9s.noarch
python-amqp-doc-0:5.0.9-1.el9s.noarch
python-amqp-doc-0:5.1.1-1.el9s.noarch
python3-kombu-1:5.0.2-2.el9s.noarch
python3-kombu-1:5.1.0-3.el9s.noarch
python3-kombu-1:5.2.4-3.el9s.noarch
python3-oslo-messaging-0:14.2.0-0.20230206090903.687dea2.el9.noarch
python3-tacker-0:9.1.0-0.20230314125448.05fe9fa.el9.noarch
