python-oslo-service-0:3.1.1-0.20230223081018.b3ba591.el9.src
python3-oslo-service-0:3.1.1-0.20230223081018.b3ba591.el9.noarch
